[gd_scene load_steps=6 format=2]

[ext_resource path="res://Scenes/world.gd" type="Script" id=1]
[ext_resource path="res://Scenes/level.tscn" type="PackedScene" id=2]
[ext_resource path="res://Scenes/FPSCharacter.tscn" type="PackedScene" id=3]
[ext_resource path="res://Scenes/key.tscn" type="PackedScene" id=4]
[ext_resource path="res://Scenes/front door.tscn" type="PackedScene" id=5]

[node name="world" type="Spatial"]
script = ExtResource( 1 )

[node name="countdown" type="Timer" parent="."]
autostart = true

[node name="level" parent="." instance=ExtResource( 2 )]
transform = Transform( 1, 0, 0, 0, 1, 0, 0, 0, 1, -3.04983, 0.0653776, 2.34762 )
script = null

[node name="FPSCharacter" parent="." instance=ExtResource( 3 )]
transform = Transform( -0.314388, 0, -0.949295, 0, 1, 0, 0.949295, 0, -0.314388, 7.8905, 1.30958, 7.92293 )

[node name="key" parent="." instance=ExtResource( 4 )]
transform = Transform( -0.000347167, 0.176824, -0.984242, 0.991152, 0.130698, 0.0231308, 0.132728, -0.975526, -0.175305, 5.66219, 0.333875, -14.8504 )

[node name="key3" parent="." instance=ExtResource( 4 )]
transform = Transform( 0.170375, -0.632298, 0.755759, 0.944439, 0.323564, 0.0577967, -0.281082, 0.703922, 0.652294, -12.3445, 1.58695, 20.3994 )

[node name="key2" parent="." instance=ExtResource( 4 )]
transform = Transform( 0.170375, -0.632298, 0.755759, 0.944439, 0.323564, 0.0577967, -0.281082, 0.703922, 0.652294, 6.211, 0.351856, 22.5647 )

[node name="front door" parent="." instance=ExtResource( 5 )]
transform = Transform( -4.37114e-008, 0, 1, 0, 1, 0, -1, 0, -4.37114e-008, 13.2395, 0.0241051, 8.63381 )
collision_layer = 4
collision_mask = 2

[node name="HUD" type="Node2D" parent="."]

[node name="Find keys" type="Label" parent="HUD"]
margin_left = 300.0
margin_top = 10.0
margin_right = 708.0
margin_bottom = 60.0
text = "You're very drunk, buddy. Find your three keys to leave."
align = 1
valign = 1
uppercase = true

[node name="Keys" type="Label" parent="HUD"]
margin_left = 830.0
margin_top = 550.0
margin_right = 930.0
margin_bottom = 584.0
align = 1
valign = 1
uppercase = true

[node name="Remaining" type="Label" parent="HUD"]
margin_left = 890.0
margin_top = 20.0
margin_right = 1010.0
margin_bottom = 80.0
align = 1
valign = 1

[node name="Label" type="Label" parent="HUD"]
margin_left = 790.0
margin_top = 560.0
margin_right = 860.0
margin_bottom = 580.0
text = "KEYS:"
align = 1

[node name="Label2" type="Label" parent="HUD"]
margin_left = 20.0
margin_top = 20.0
margin_right = 200.0
margin_bottom = 180.0
text = "OBJECTIVES:
FIND KEYS
LEAVE THROUGH DOOR"
[connection signal="timeout" from="countdown" to="." method="_on_countdown_timeout"]
